0.00	0.00
8.75	0.00
4.38	7.58
-4.38	7.58
-8.75	0.00
-4.38	-7.58
4.38	-7.58
8.75	0.00
16.04	9.26
8.49	16.46
-1.76	18.44
-11.45	14.56
-17.50	6.06
-18.00	-4.37
-12.78	-13.40
-3.50	-18.19
6.88	-17.19
15.09	-10.74
18.50	-0.88
16.04	9.26
20.30	21.29
10.61	27.44
-0.70	29.41
-11.90	26.91
-21.29	20.30
-27.44	10.61
-29.41	-0.70
-26.91	-11.90
-20.30	-21.29
-10.61	-27.44
0.70	-29.41
11.90	-26.91
21.29	-20.30
27.44	-10.61
29.41	0.70
26.91	11.90
20.30	21.29
22.27	35.12
10.93	40.12
-1.38	41.56
-13.57	39.31
-24.55	33.57
-33.36	24.84
-39.19	13.90
-41.55	1.73
-40.21	-10.59
-35.31	-21.98
-27.26	-31.41
-16.79	-38.05
-4.83	-41.30
7.56	-40.89
19.28	-36.85
29.28	-29.53
36.68	-19.59
40.83	-7.91
41.34	4.48
38.19	16.47
31.64	26.99
22.27	35.12
22.27	50.47
9.02	54.42
-4.79	54.95
-18.31	52.04
-30.68	45.85
-41.11	36.78
-48.97	25.40
-53.75	12.42
-55.15	-1.33
-53.08	-15.01
-47.68	-27.74
-39.29	-38.72
-28.42	-47.28
-15.77	-52.86
-2.13	-55.12
11.64	-53.92
24.69	-49.33
36.18	-41.64
45.40	-31.34
51.77	-19.06
54.88	-5.59
54.54	8.23
50.78	21.54
43.83	33.49
34.12	43.34
22.27	50.47
20.11	67.38
5.15	70.13
-10.04	69.59
-24.77	65.81
-38.34	58.94
-50.11	49.32
-59.54	37.40
-66.19	23.72
-69.74	8.94
-70.04	-6.26
-67.05	-21.17
-60.93	-35.09
-51.96	-47.37
-40.57	-57.43
-27.27	-64.81
-12.70	-69.16
2.46	-70.27
17.51	-68.10
31.74	-62.74
44.49	-54.45
55.15	-43.62
63.24	-30.74
68.37	-16.43
70.30	-1.35
68.95	13.80
64.37	28.30
56.78	41.47
46.54	52.71
34.12	61.48
20.11	67.38
15.76	85.79
-1.28	87.21
-18.27	85.29
-34.56	80.08
-49.52	71.80
-62.58	60.76
-73.23	47.39
-81.07	32.19
-85.79	15.76
-87.21	-1.28
-85.29	-18.27
-80.08	-34.56
-71.80	-49.52
-60.76	-62.58
-47.39	-73.23
-32.19	-81.07
-15.76	-85.79
1.28	-87.21
18.27	-85.29
34.56	-80.08
49.52	-71.80
62.58	-60.76
73.23	-47.39
81.07	-32.19
85.79	-15.76
87.21	1.28
85.29	18.27
80.08	34.56
71.80	49.52
60.76	62.58
47.39	73.23
32.19	81.07
15.76	85.79
8.85	105.72
-10.17	105.60
-28.87	102.09
-46.63	95.30
-62.90	85.44
-77.14	72.83
-88.91	57.89
-97.82	41.08
-103.58	22.96
-106.01	4.09
-105.04	-14.90
-100.69	-33.42
-93.11	-50.86
-82.53	-66.67
-69.30	-80.33
-53.84	-91.42
-36.65	-99.56
-18.29	-104.51
0.67	-106.09
19.60	-104.27
37.90	-99.09
54.99	-90.73
70.30	-79.46
83.36	-65.63
93.74	-49.69
101.11	-32.15
105.22	-13.58
105.96	5.43
103.28	24.26
97.29	42.31
88.17	59.00
76.22	73.80
61.82	86.22
45.43	95.87
27.58	102.45
8.85	105.72
-0.80	127.15
-22.28	125.19
-43.11	119.62
-62.71	110.61
-80.50	98.43
-95.98	83.41
-108.69	65.99
-118.28	46.67
-124.47	26.01
-127.07	4.60
-126.02	-16.94
-121.34	-38.00
-113.18	-57.96
-101.75	-76.25
-87.40	-92.35
-70.54	-105.79
-51.65	-116.19
-31.27	-123.25
-9.99	-126.76
11.58	-126.62
32.81	-122.85
53.10	-115.53
71.86	-104.90
88.56	-91.24
102.70	-74.97
113.90	-56.53
121.81	-36.47
126.22	-15.36
127.00	6.19
124.13	27.57
117.68	48.15
107.85	67.35
94.92	84.60
79.26	99.43
61.31	111.39
41.61	120.15
20.70	125.46
-0.80	127.15
-13.72	150.03
-37.02	146.04
-59.41	138.45
-80.34	127.45
-99.28	113.31
-115.79	96.39
-129.44	77.09
-139.91	55.89
-146.93	33.31
-150.33	9.92
-150.03	-13.72
-146.04	-37.02
-138.45	-59.41
-127.45	-80.34
-113.31	-99.28
-96.39	-115.79
-77.09	-129.44
-55.89	-139.91
-33.31	-146.93
-9.92	-150.33
13.72	-150.03
37.02	-146.04
59.41	-138.45
80.34	-127.45
99.28	-113.31
115.79	-96.39
129.44	-77.09
139.91	-55.89
146.93	-33.31
150.33	-9.92
150.03	13.72
146.04	37.02
138.45	59.41
127.45	80.34
113.31	99.28
96.39	115.79
77.09	129.44
55.89	139.91
33.31	146.93
9.92	150.33
-13.72	150.03
-29.88	174.34
-55.53	167.94
-79.94	157.79
-102.56	144.11
-122.90	127.22
-140.49	107.48
-154.94	85.34
-165.92	61.30
-173.21	35.88
-176.62	9.67
-176.09	-16.77
-171.62	-42.82
-163.32	-67.92
-151.37	-91.51
-136.05	-113.05
-117.68	-132.06
-96.68	-148.12
-73.52	-160.88
-48.72	-170.04
-22.84	-175.40
3.56	-176.85
29.88	-174.34
55.53	-167.94
79.94	-157.79
102.56	-144.11
122.90	-127.22
140.49	-107.48
154.94	-85.34
165.92	-61.30
173.21	-35.88
176.62	-9.67
176.09	16.77
171.62	42.82
163.32	67.92
151.37	91.51
136.05	113.05
117.68	132.06
96.68	148.12
73.52	160.88
48.72	170.04
22.84	175.40
-3.56	176.85
-29.88	174.34
-49.91	200.02
-77.87	190.88
-104.24	177.86
-128.49	161.21
-150.13	141.29
-168.71	118.48
-183.85	93.27
-195.25	66.15
-202.68	37.69
-205.98	8.46
-205.09	-20.94
-200.02	-49.91
-190.88	-77.87
-177.86	-104.24
-161.21	-128.49
-141.29	-150.13
-118.48	-168.71
-93.27	-183.85
-66.15	-195.25
-37.69	-202.68
-8.46	-205.98
20.94	-205.09
49.91	-200.02
77.87	-190.88
104.24	-177.86
128.49	-161.21
150.13	-141.29
168.71	-118.48
183.85	-93.27
195.25	-66.15
202.68	-37.69
205.98	-8.46
205.09	20.94
200.02	49.91
190.88	77.87
177.86	104.24
161.21	128.49
141.29	150.13
118.48	168.71
93.27	183.85
66.15	195.25
37.69	202.68
8.46	205.98
-20.94	205.09
-49.91	200.02
-74.20	227.00
-105.07	214.47
-133.90	197.76
-160.12	177.20
-183.22	153.19
-202.76	126.20
-218.35	96.75
-229.69	65.42
-236.56	32.82
-238.82	-0.42
-236.44	-33.66
-229.45	-66.23
-218.00	-97.52
-202.31	-126.91
-182.68	-153.83
-159.49	-177.76
-133.20	-198.23
-104.31	-214.84
-73.40	-227.26
-41.06	-235.27
-7.91	-238.69
25.38	-237.47
58.19	-231.63
89.86	-221.27
119.78	-206.61
147.37	-187.93
172.09	-165.60
193.46	-140.03
211.06	-111.75
224.56	-81.28
233.69	-49.24
238.27	-16.24
238.21	17.08
233.51	50.07
224.27	82.08
210.67	112.49
192.96	140.72
171.50	166.20
146.70	188.45
119.04	207.04
89.07	221.59
57.37	231.83
24.54	237.56
-8.76	238.66
-41.89	235.12
-74.20	227.00
-103.57	255.05
-136.64	238.97
-167.27	218.62
-194.92	194.38
-219.09	166.66
-239.35	135.97
-255.34	102.86
-266.77	67.91
-273.44	31.75
-275.23	-4.98
-272.11	-41.62
-264.14	-77.52
-251.45	-112.04
-234.27	-144.55
-212.91	-174.49
-187.76	-201.31
-159.25	-224.54
-127.90	-243.76
-94.27	-258.63
-58.96	-268.89
-22.59	-274.35
14.18	-274.91
50.69	-270.57
86.31	-261.40
120.38	-247.56
152.30	-229.31
181.50	-206.96
207.47	-180.92
229.73	-151.66
247.90	-119.68
261.64	-85.57
270.71	-49.94
274.95	-13.41
274.28	23.36
268.72	59.71
258.37	94.99
243.40	128.58
224.09	159.88
200.78	188.32
173.89	213.40
143.90	234.67
111.33	251.76
76.78	264.35
40.86	272.23
4.22	275.25
-32.51	273.35
-68.65	266.58
-103.57	255.05
-138.17	284.15
-174.07	263.69
-207.00	238.71
-236.39	209.65
-261.73	177.00
-282.60	141.32
-298.62	103.23
-309.54	63.37
-315.17	22.42
-315.40	-18.91
-310.23	-59.92
-299.75	-99.90
-284.15	-138.17
-263.69	-174.07
-238.71	-207.00
-209.65	-236.39
-177.00	-261.73
-141.32	-282.60
-103.23	-298.62
-63.37	-309.54
-22.42	-315.17
18.91	-315.40
59.92	-310.23
99.90	-299.75
138.17	-284.15
174.07	-263.69
207.00	-238.71
236.39	-209.65
261.73	-177.00
282.60	-141.32
298.62	-103.23
309.54	-63.37
315.17	-22.42
315.40	18.91
310.23	59.92
299.75	99.90
284.15	138.17
263.69	174.07
238.71	207.00
209.65	236.39
177.00	261.73
141.32	282.60
103.23	298.62
63.37	309.54
22.42	315.17
-18.91	315.40
-59.92	310.23
-99.90	299.75
-138.17	284.15
-178.94	313.95
-216.88	289.05
-251.39	259.59
-281.95	226.03
-308.05	188.91
-329.30	148.82
-345.36	106.37
-355.96	62.25
-360.96	17.14
-360.26	-28.23
-353.88	-73.16
-341.92	-116.94
-324.57	-158.87
-302.10	-198.30
-274.86	-234.60
-243.29	-267.20
-207.88	-295.58
-169.20	-319.31
-127.85	-338.00
-84.48	-351.35
-39.77	-359.17
5.56	-361.32
50.80	-357.78
95.24	-348.59
138.18	-333.90
178.94	-313.95
216.88	-289.05
251.39	-259.59
281.95	-226.03
308.05	-188.91
329.30	-148.82
345.36	-106.37
355.96	-62.25
360.96	-17.14
360.26	28.23
353.88	73.16
341.92	116.94
324.57	158.87
302.10	198.30
274.86	234.60
243.29	267.20
207.88	295.58
169.20	319.31
127.85	338.00
84.48	351.35
39.77	359.17
-5.56	361.32
-50.80	357.78
-95.24	348.59
-138.18	333.90
-178.94	313.95
-226.10	344.46
-266.72	314.06
-303.29	278.90
-335.27	239.52
-362.16	196.50
-383.56	150.51
-399.15	102.23
-408.69	52.41
-412.03	1.79
-409.13	-48.86
-400.02	-98.77
-384.85	-147.18
-363.85	-193.36
-337.33	-236.60
-305.70	-276.27
-269.43	-311.74
-229.08	-342.49
-185.26	-368.04
-138.63	-388.02
-89.89	-402.11
-39.80	-410.11
10.90	-411.89
61.44	-407.43
111.04	-396.79
158.96	-380.14
204.47	-357.72
246.88	-329.89
285.55	-297.05
319.89	-259.70
349.38	-218.43
373.57	-173.84
392.10	-126.61
404.69	-77.47
411.14	-27.15
411.36	23.58
405.35	73.96
393.19	123.21
375.06	170.59
351.26	215.39
322.13	256.92
288.11	294.56
249.73	327.73
207.56	355.94
162.25	378.75
114.48	395.82
64.97	406.88
14.47	411.78
-36.24	410.44
-86.40	402.88
-135.26	389.20
-182.06	369.63
-226.10	344.46
-280.76	375.16
-323.94	338.58
-362.39	297.07
-395.55	251.22
-422.95	201.71
-444.18	149.26
-458.93	94.63
-466.99	38.62
-468.24	-17.95
-462.66	-74.26
-450.34	-129.48
-431.45	-182.82
-406.27	-233.50
-375.16	-280.76
-338.58	-323.94
-297.07	-362.39
-251.22	-395.55
-201.71	-422.95
-149.26	-444.18
-94.63	-458.93
-38.62	-466.99
17.95	-468.24
74.26	-462.66
129.48	-450.34
182.82	-431.45
233.50	-406.27
280.76	-375.16
323.94	-338.58
362.39	-297.07
395.55	-251.22
422.95	-201.71
444.18	-149.26
458.93	-94.63
466.99	-38.62
468.24	17.95
462.66	74.26
450.34	129.48
431.45	182.82
406.27	233.50
375.16	280.76
338.58	323.94
297.07	362.39
251.22	395.55
201.71	422.95
149.26	444.18
94.63	458.93
38.62	466.99
-17.95	468.24
-74.26	462.66
-129.48	450.34
-182.82	431.45
-233.50	406.27
-280.76	375.16
-343.70	405.67
-390.09	361.29
-430.79	311.63
-465.22	257.44
-492.85	199.48
-513.31	138.62
-526.27	75.74
-531.56	11.75
-529.11	-52.41
-518.93	-115.80
-501.19	-177.51
-476.14	-236.63
-444.14	-292.29
-405.67	-343.70
-361.29	-390.09
-311.63	-430.79
-257.44	-465.22
-199.48	-492.85
-138.62	-513.31
-75.74	-526.27
-11.75	-531.56
52.41	-529.11
115.80	-518.93
177.51	-501.19
236.63	-476.14
292.29	-444.14
343.70	-405.67
390.09	-361.29
430.79	-311.63
465.22	-257.44
492.85	-199.48
513.31	-138.62
526.27	-75.74
531.56	-11.75
529.11	52.41
518.93	115.80
501.19	177.51
476.14	236.63
444.14	292.29
405.67	343.70
361.29	390.09
311.63	430.79
257.44	465.22
199.48	492.85
138.62	513.31
75.74	526.27
11.75	531.56
-52.41	529.11
-115.80	518.93
-177.51	501.19
-236.63	476.14
-292.29	444.14
-343.70	405.67
-416.25	435.07
-464.79	382.79
-506.80	325.13
-541.70	262.91
-568.99	196.99
-588.29	128.31
-599.34	57.83
-601.97	-13.46
-596.16	-84.56
-581.97	-154.48
-559.62	-222.22
-529.40	-286.85
-491.76	-347.45
-447.22	-403.18
-396.39	-453.24
-340.00	-496.94
-278.84	-533.67
-213.77	-562.90
-145.69	-584.23
-75.57	-597.36
-4.39	-602.11
66.86	-598.40
137.16	-586.29
205.54	-565.95
271.04	-537.67
332.73	-501.84
389.75	-458.97
441.29	-409.65
486.65	-354.58
525.17	-294.53
556.32	-230.35
579.66	-162.94
594.86	-93.24
601.71	-22.23
600.12	49.10
590.10	119.73
571.80	188.68
545.47	254.99
511.48	317.71
470.31	375.97
422.55	428.96
368.85	475.93
309.97	516.21
246.74	549.25
180.04	574.58
110.82	591.84
40.05	600.79
-31.29	601.31
-102.19	593.39
-171.65	577.14
-238.71	552.78
-302.41	520.67
-361.87	481.25
-416.25	435.07
-498.90	463.12
-549.29	402.07
-592.25	335.58
-627.21	264.56
-653.68	189.96
-671.31	112.78
-679.87	34.09
-679.23	-45.07
-669.40	-123.62
-650.53	-200.50
-622.85	-274.66
-586.75	-345.12
-542.72	-410.90
-491.35	-471.13
-433.33	-524.98
-369.45	-571.74
-300.58	-610.77
-227.64	-641.53
-151.63	-663.62
-73.56	-676.74
5.50	-680.70
84.49	-675.46
162.33	-661.08
237.98	-637.77
310.41	-605.83
378.65	-565.69
441.76	-517.91
498.90	-463.12
549.29	-402.07
592.25	-335.58
627.21	-264.56
653.68	-189.96
671.31	-112.78
679.87	-34.09
679.23	45.07
669.40	123.62
650.53	200.50
622.85	274.66
586.75	345.12
542.72	410.90
491.35	471.13
433.33	524.98
369.45	571.74
300.58	610.77
227.64	641.53
151.63	663.62
73.56	676.74
-5.50	680.70
-84.49	675.46
-162.33	661.08
-237.98	637.77
-310.41	605.83
-378.65	565.69
-441.76	517.91
-498.90	463.12
-592.63	489.17
-644.53	418.42
-688.03	342.23
-722.55	261.57
-747.66	177.50
-763.02	91.11
-768.43	3.54
-763.83	-84.08
-749.26	-170.60
-724.93	-254.89
-691.15	-335.87
-648.36	-412.46
-597.12	-483.68
-538.09	-548.60
-472.05	-606.36
-399.85	-656.22
-322.44	-697.52
-240.83	-729.73
-156.07	-752.42
-69.29	-765.31
18.40	-768.22
105.85	-761.11
191.92	-744.09
275.49	-717.36
355.47	-681.28
430.81	-636.32
500.54	-583.06
563.74	-522.20
619.59	-454.54
667.37	-380.95
706.44	-302.39
736.31	-219.89
756.57	-134.52
766.97	-47.41
767.38	40.33
757.78	127.54
738.30	213.09
709.20	295.86
670.85	374.78
623.76	448.81
568.53	516.98
505.89	578.42
436.66	632.32
361.73	677.97
282.09	714.79
198.78	742.28
112.87	760.10
25.48	768.02
-62.23	765.91
-149.13	753.83
-234.09	731.92
-316.00	700.46
-393.78	659.87
-466.44	610.68
-533.01	553.53
-592.63	489.17
-698.52	512.44
-752.38	429.48
-796.43	340.91
-830.10	247.90
-852.95	151.66
-864.68	53.44
-865.14	-45.47
-854.31	-143.79
-832.35	-240.24
-799.54	-333.55
-756.31	-422.52
-703.22	-505.98
-640.95	-582.84
-570.34	-652.11
-492.29	-712.87
-407.82	-764.34
-318.03	-805.84
-224.10	-836.84
-127.24	-856.93
-28.73	-865.85
70.16	-863.48
168.13	-849.86
263.91	-825.15
356.25	-789.69
443.95	-743.94
525.85	-688.48
600.91	-624.05
668.13	-551.48
726.64	-471.73
775.67	-385.82
814.60	-294.89
842.90	-200.11
860.22	-102.72
866.32	-3.99
861.13	94.79
844.71	192.33
817.28	287.37
779.20	378.66
730.95	465.01
673.18	545.30
606.64	618.48
532.18	683.60
450.79	739.81
363.52	786.37
271.51	822.69
175.96	848.27
78.11	862.80
-20.75	866.08
-119.34	858.07
-216.37	838.87
-310.59	808.74
-400.75	768.07
-485.69	717.38
-564.30	657.34
-635.55	588.73
-698.52	512.44
-818.27	531.21
-872.60	436.26
-915.96	335.81
-947.80	231.15
-967.72	123.57
-975.47	14.45
-970.95	-94.86
-954.23	-202.98
-925.50	-308.54
-885.14	-410.22
-833.64	-506.75
-771.66	-596.90
-699.98	-679.55
-619.49	-753.64
-531.21	-818.27
-436.26	-872.60
-335.81	-915.96
-231.15	-947.80
-123.57	-967.72
-14.45	-975.47
94.86	-970.95
202.98	-954.23
308.54	-925.50
410.22	-885.14
506.75	-833.64
596.90	-771.66
679.55	-699.98
753.64	-619.49
818.27	-531.21
872.60	-436.26
915.96	-335.81
947.80	-231.15
967.72	-123.57
975.47	-14.45
970.95	94.86
954.23	202.98
925.50	308.54
885.14	410.22
833.64	506.75
771.66	596.90
699.98	679.55
619.49	753.64
531.21	818.27
436.26	872.60
335.81	915.96
231.15	947.80
123.57	967.72
14.45	975.47
-94.86	970.95
-202.98	954.23
-308.54	925.50
-410.22	885.14
-506.75	833.64
-596.90	771.66
-679.55	699.98
-753.64	619.49
-818.27	531.21
-952.59	545.05
-1007.62	434.96
-1049.99	319.41
-1079.15	199.84
-1094.74	77.76
-1096.56	-45.30
-1084.59	-167.79
-1058.99	-288.17
-1020.06	-404.93
-968.31	-516.60
-904.38	-621.76
-829.08	-719.11
-743.35	-807.42
-648.28	-885.57
-545.05	-952.59
-434.96	-1007.62
-319.41	-1049.99
-199.84	-1079.15
-77.76	-1094.74
45.30	-1096.56
167.79	-1084.59
288.17	-1058.99
404.93	-1020.06
516.60	-968.31
621.76	-904.38
719.11	-829.08
807.42	-743.35
885.57	-648.28
952.59	-545.05
1007.62	-434.96
1049.99	-319.41
1079.15	-199.84
1094.74	-77.76
1096.56	45.30
1084.59	167.79
1058.99	288.17
1020.06	404.93
968.31	516.60
904.38	621.76
829.08	719.11
743.35	807.42
648.28	885.57
545.05	952.59
434.96	1007.62
319.41	1049.99
199.84	1079.15
77.76	1094.74
-45.30	1096.56
-167.79	1084.59
-288.17	1058.99
-404.93	1020.06
-516.60	968.31
-621.76	904.38
-719.11	829.08
-807.42	743.35
-885.57	648.28
-952.59	545.05
-1103.35	551.62
-1158.17	424.62
-1198.43	292.27
-1223.62	156.25
-1233.42	18.27
-1227.71	-119.95
-1206.56	-256.65
-1170.24	-390.13
-1119.20	-518.70
-1054.09	-640.75
-975.72	-754.74
-885.08	-859.24
-783.31	-952.94
-671.69	-1034.65
-551.62	-1103.35
-424.62	-1158.17
-292.27	-1198.43
-156.25	-1223.62
-18.27	-1233.42
119.95	-1227.71
256.65	-1206.56
390.13	-1170.24
518.70	-1119.20
640.75	-1054.09
754.74	-975.72
859.24	-885.08
952.94	-783.31
1034.65	-671.69
1103.35	-551.62
1158.17	-424.62
1198.43	-292.27
1223.62	-156.25
1233.42	-18.27
1227.71	119.95
1206.56	256.65
1170.24	390.13
1119.20	518.70
1054.09	640.75
975.72	754.74
885.08	859.24
783.31	952.94
671.69	1034.65
551.62	1103.35
424.62	1158.17
292.27	1198.43
156.25	1223.62
18.27	1233.42
-119.95	1227.71
-256.65	1206.56
-390.13	1170.24
-518.70	1119.20
-640.75	1054.09
-754.74	975.72
-859.24	885.08
-952.94	783.31
-1034.65	671.69
-1103.35	551.62
-1271.95	549.07
-1324.64	405.81
-1361.24	257.63
-1381.32	106.32
-1384.63	-46.29
-1371.13	-198.33
-1340.99	-347.96
-1294.58	-493.37
-1232.45	-632.79
-1155.35	-764.53
-1064.24	-886.98
-960.20	-998.68
-844.51	-1098.24
-718.57	-1184.48
-583.91	-1256.34
-442.16	-1312.95
-295.04	-1353.62
-144.34	-1377.86
8.12	-1385.38
160.47	-1376.08
310.88	-1350.07
457.51	-1307.68
598.59	-1249.41
732.40	-1175.98
857.32	-1088.27
971.84	-987.36
1074.56	-874.45
1164.23	-750.94
1239.78	-618.30
1300.27	-478.17
1344.98	-332.22
1373.36	-182.25
1385.08	-30.06
1379.98	122.49
1358.13	273.56
1319.79	421.30
1265.43	563.93
1195.72	699.72
1111.48	827.01
1013.76	944.26
903.73	1050.05
782.73	1143.10
652.23	1222.27
513.81	1286.60
369.16	1335.31
220.02	1367.82
68.21	1383.72
-84.42	1382.83
-236.03	1365.15
-384.78	1330.90
-528.85	1280.49
-666.51	1214.54
-796.07	1133.85
-915.97	1039.39
-1024.75	932.32
-1121.10	813.93
-1203.83	685.66
-1271.95	549.07
-1459.32	536.65
-1509.49	372.86
-1541.35	204.54
-1554.50	33.74
-1548.77	-137.48
-1524.25	-307.02
-1481.22	-472.84
-1420.22	-632.91
-1341.97	-785.31
-1247.44	-928.17
-1137.76	-1059.76
-1014.27	-1178.49
-878.47	-1282.92
-732.01	-1371.77
-576.66	-1443.97
-414.31	-1498.65
-246.93	-1535.13
-76.56	-1552.98
94.75	-1551.97
264.90	-1532.13
431.84	-1493.69
593.54	-1437.12
748.03	-1363.10
893.44	-1272.54
1028.01	-1166.53
1150.10	-1046.36
1258.23	-913.49
1351.08	-769.53
1427.54	-616.23
1486.66	-455.45
1527.74	-289.14
1550.28	-119.32
1553.99	51.95
1538.85	222.58
1505.02	390.52
1452.93	553.71
1383.20	710.19
1296.67	858.04
1194.41	995.48
1077.65	1120.83
947.81	1232.58
806.47	1329.37
655.33	1410.01
496.24	1473.55
331.12	1519.20
161.99	1546.40
-9.11	1554.84
-180.10	1544.40
-348.90	1515.21
-513.47	1467.63
-671.81	1402.24
-821.99	1319.82
-962.19	1221.39
-1090.71	1108.13
-1205.99	981.41
-1306.64	842.79
-1391.42	693.93
-1459.32	536.65
-1667.48	510.84
-1713.56	324.31
-1738.84	133.83
-1743.01	-58.27
-1726.02	-249.66
-1688.08	-438.02
-1629.65	-621.06
-1551.43	-796.57
-1454.39	-962.40
-1339.69	-1116.56
-1208.73	-1257.16
-1063.09	-1382.50
-904.55	-1491.05
-735.04	-1581.51
-556.60	-1652.77
-371.40	-1703.97
-181.69	-1734.49
10.22	-1743.95
202.00	-1732.24
391.34	-1699.51
575.92	-1646.14
753.52	-1572.79
921.96	-1480.35
1079.22	-1369.95
1223.37	-1242.91
1352.68	-1100.78
1465.56	-945.30
1560.66	-778.34
1636.81	-601.93
1693.09	-418.21
1728.82	-229.42
1743.57	-37.84
1737.15	154.20
1709.64	344.36
1661.38	530.35
1592.96	709.89
1505.20	880.82
1399.16	1041.06
1276.15	1188.66
1137.64	1321.83
985.32	1438.96
821.04	1538.62
646.80	1619.60
464.70	1680.93
276.97	1721.85
85.87	1741.86
-106.27	1740.74
-297.12	1718.48
-484.37	1675.37
-665.73	1611.91
-839.01	1528.89
-1002.11	1427.32
-1153.05	1308.41
-1289.98	1173.63
-1411.26	1024.60
-1515.41	863.13
-1601.17	691.18
-1667.48	510.84
-1897.99	468.82
-1937.55	260.86
-1954.40	49.85
-1948.33	-161.75
-1919.42	-371.45
-1868.01	-576.80
-1794.69	-775.39
-1700.34	-964.88
-1586.05	-1143.07
-1453.16	-1307.85
-1303.24	-1457.30
-1138.04	-1589.66
-959.50	-1703.38
-769.71	-1797.14
-570.89	-1869.82
-365.38	-1920.59
-155.58	-1948.83
56.03	-1954.23
266.99	-1936.72
474.82	-1896.50
677.09	-1834.04
871.41	-1750.08
1055.52	-1645.61
1227.26	-1521.84
1384.60	-1380.23
1525.72	-1222.44
1648.94	-1050.31
1752.83	-865.87
1836.17	-671.28
1897.99	-468.82
1937.55	-260.86
1954.40	-49.85
1948.33	161.75
1919.42	371.45
1868.01	576.80
1794.69	775.39
1700.34	964.88
1586.05	1143.07
1453.16	1307.85
1303.24	1457.30
1138.04	1589.66
959.50	1703.38
769.71	1797.14
570.89	1869.82
365.38	1920.59
155.58	1948.83
-56.03	1954.23
-266.99	1936.72
-474.82	1896.50
-677.09	1834.04
-871.41	1750.08
-1055.52	1645.61
-1227.26	1521.84
-1384.60	1380.23
-1525.72	1222.44
-1648.94	1050.31
-1752.83	865.87
-1836.17	671.28
-1897.99	468.82
-2151.97	409.40
-2183.62	174.33
-2189.67	-62.78
-2170.05	-299.16
-2124.98	-532.03
-2055.00	-758.66
-1960.93	-976.40
-1843.87	-1182.69
-1705.19	-1375.11
-1546.51	-1551.42
-1369.71	-1709.53
-1176.85	-1847.60
-970.19	-1964.01
-752.16	-2057.39
-525.30	-2126.65
-292.29	-2170.98
-55.85	-2189.86
181.24	-2183.06
416.21	-2150.67
646.29	-2093.06
868.81	-2010.91
1081.13	-1905.19
1280.78	-1777.13
1465.41	-1628.24
1632.87	-1460.25
1781.18	-1275.15
1908.60	-1075.10
2013.65	-862.44
2095.09	-639.67
2151.97	-409.40
2183.62	-174.33
2189.67	62.78
2170.05	299.16
2124.98	532.03
2055.00	758.66
1960.93	976.40
1843.87	1182.69
1705.19	1375.11
1546.51	1551.42
1369.71	1709.53
1176.85	1847.60
970.19	1964.01
752.16	2057.39
525.30	2126.65
292.29	2170.98
55.85	2189.86
-181.24	2183.06
-416.21	2150.67
-646.29	2093.06
-868.81	2010.91
-1081.13	1905.19
-1280.78	1777.13
-1465.41	1628.24
-1632.87	1460.25
-1781.18	1275.15
-1908.60	1075.10
-2013.65	862.44
-2095.09	639.67
-2151.97	409.40
-2431.49	327.37
-2452.63	62.56
-2445.02	-202.99
-2408.74	-466.15
-2344.22	-723.85
-2252.21	-973.06
-2133.81	-1210.86
-1990.38	-1434.47
-1823.62	-1641.26
-1635.48	-1828.80
-1428.16	-1994.91
-1204.10	-2137.63
-965.93	-2255.28
-716.42	-2346.50
-458.52	-2410.20
-195.25	-2445.65
70.32	-2452.42
335.06	-2430.44
595.87	-2379.97
849.70	-2301.59
1093.56	-2196.23
1324.61	-2065.12
1540.12	-1909.80
1737.58	-1732.09
1914.66	-1534.07
2069.30	-1318.07
2199.68	-1086.61
2304.27	-842.41
2381.84	-588.34
2431.49	-327.37
2452.63	-62.56
2445.02	202.99
2408.74	466.15
2344.22	723.85
2252.21	973.06
2133.81	1210.86
1990.38	1434.47
1823.62	1641.26
1635.48	1828.80
1428.16	1994.91
1204.10	2137.63
965.93	2255.28
716.42	2346.50
458.52	2410.20
195.25	2445.65
-70.32	2452.42
-335.06	2430.44
-595.87	2379.97
-849.70	2301.59
-1093.56	2196.23
-1324.61	2065.12
-1540.12	1909.80
-1737.58	1732.09
-1914.66	1534.07
-2069.30	1318.07
-2199.68	1086.61
-2304.27	842.41
-2381.84	588.34
-2431.49	327.37
-2738.07	218.59
-2745.65	-78.73
-2721.04	-375.12
-2664.53	-667.12
-2576.79	-951.29
-2458.83	-1224.32
-2312.04	-1482.99
-2138.15	-1724.27
-1939.19	-1945.34
-1717.49	-2143.60
-1475.66	-2316.72
-1216.53	-2462.69
-943.14	-2579.78
-658.68	-2666.63
-366.51	-2722.22
-70.04	-2745.89
227.26	-2737.36
521.89	-2696.74
810.40	-2624.51
1089.40	-2521.51
1355.64	-2388.94
1605.98	-2228.36
1837.50	-2041.66
2047.47	-1831.03
2233.44	-1598.92
2393.22	-1348.07
2524.94	-1081.42
2627.06	-802.09
2698.38	-513.35
2738.07	-218.59
2745.65	78.73
2721.04	375.12
2664.53	667.12
2576.79	951.29
2458.83	1224.32
2312.04	1482.99
2138.15	1724.27
1939.19	1945.34
1717.49	2143.60
1475.66	2316.72
1216.53	2462.69
943.14	2579.78
658.68	2666.63
366.51	2722.22
70.04	2745.89
-227.26	2737.36
-521.89	2696.74
-810.40	2624.51
-1089.40	2521.51
-1355.64	2388.94
-1605.98	2228.36
-1837.50	2041.66
-2047.47	1831.03
-2233.44	1598.92
-2393.22	1348.07
-2524.94	1081.42
-2627.06	802.09
-2698.38	513.35
-2738.07	218.59
-3073.16	78.38
-3064.08	-248.72
-3020.28	-573.00
-2942.27	-890.79
-2830.91	-1198.49
-2687.48	-1492.61
-2513.61	-1769.81
-2311.25	-2026.96
-2082.70	-2261.15
-1830.55	-2469.72
-1557.67	-2650.30
-1267.13	-2800.86
-962.24	-2919.68
-646.45	-3005.42
-323.33	-3057.11
3.45	-3074.16
330.20	-3056.37
653.20	-3003.96
968.80	-2917.51
1273.42	-2798.01
1563.62	-2646.80
1836.10	-2465.60
2087.77	-2256.47
2315.79	-2021.77
2517.57	-1764.16
2690.83	-1486.56
2833.60	-1192.12
2944.26	-884.18
3021.56	-566.21
3064.63	-241.83
3072.97	85.29
3046.50	411.44
2985.51	732.93
2890.69	1046.12
2763.12	1347.46
2604.24	1633.52
2415.85	1901.08
2200.09	2147.10
1959.40	2368.79
1696.52	2563.65
1414.41	2729.45
1116.27	2864.33
805.49	2966.75
485.58	3035.57
160.17	3069.98
-167.06	3069.61
-492.39	3034.47
-812.15	2964.94
-1122.70	2861.81
-1420.53	2726.27
-1702.27	2559.83
-1964.72	2364.39
-2204.91	2142.15
-2420.11	1895.65
-2607.90	1627.67
-2766.14	1341.25
-2893.03	1039.62
-2987.15	726.22
-3047.42	404.60
-3073.16	78.38
-3438.19	-95.42
-3408.57	-460.34
-3340.33	-820.04
-3234.24	-1170.45
-3091.50	-1507.60
-2913.74	-1827.66
-2702.97	-2127.02
-2461.56	-2402.28
-2192.27	-2650.32
-1898.14	-2868.33
-1582.50	-3053.84
-1248.94	-3204.75
-901.22	-3319.34
-543.29	-3396.33
-179.20	-3434.84
186.92	-3434.43
550.91	-3395.10
908.67	-3317.31
1256.13	-3201.93
1589.36	-3050.27
1904.58	-2864.06
2198.22	-2645.39
2466.96	-2396.74
2707.74	-2120.94
2917.84	-1821.11
3094.88	-1500.65
3236.86	-1163.18
3342.16	-812.53
3409.59	-452.68
3438.39	-87.70
3428.24	278.28
3379.24	641.10
3291.95	996.66
3167.36	1340.92
3006.88	1670.00
2812.34	1980.15
2585.93	2267.86
2330.22	2529.88
2048.11	2763.24
1742.79	2965.28
1417.73	3133.73
1076.60	3266.68
723.28	3362.61
361.76	3420.43
-3.86	3439.51
-369.44	3419.61
-730.83	3360.97
-1083.94	3264.25
-1424.77	3130.54
-1749.45	2961.36
-2054.31	2758.63
-2335.90	2524.64
-2591.02	2262.05
-2816.78	1973.83
-3010.63	1663.24
-3170.36	1333.81
-3294.18	989.26
-3380.67	633.51
-3428.85	270.57
-3438.19	-95.42
-3834.64	-311.26
-3779.83	-717.10
-3682.19	-1114.81
-3542.83	-1499.88
-3363.33	-1867.97
-3145.73	-2214.88
-2892.48	-2536.71
-2606.46	-2829.79
-2290.90	-3090.81
-1949.39	-3316.80
-1585.79	-3505.22
-1204.23	-3653.92
-809.02	-3761.22
-404.64	-3825.91
4.32	-3847.25
413.23	-3824.99
817.46	-3759.40
1212.43	-3651.21
1593.66	-3501.65
1956.84	-3312.42
2297.84	-3085.65
2612.81	-2823.93
2898.17	-2530.20
3150.70	-2207.81
3367.52	-1860.41
3546.19	-1491.92
3684.69	-1106.53
3781.43	-708.60
3835.33	-302.65
3845.77	106.74
3812.63	514.91
3736.30	917.25
3617.64	1309.20
3457.98	1686.31
3259.15	2044.32
3023.39	2379.17
2753.37	2687.06
2452.16	2964.50
2123.16	3208.35
1770.10	3415.85
1396.99	3584.65
1008.05	3712.84
607.69	3798.95
200.44	3842.02
-209.07	3841.56
-616.22	3797.58
-1016.39	3710.56
-1405.04	3581.51
-1777.77	3411.87
-2130.36	3203.57
-2458.81	2958.98
-2759.40	2680.86
-3028.73	2372.37
-3263.73	2037.00
-3461.76	1678.54
-3620.57	1301.07
-3738.35	908.86
-3813.78	506.34
-3846.00	98.10
-3834.64	-311.26
-4263.57	-575.81
-4178.21	-1025.74
-4045.52	-1464.05
-3866.98	-1885.76
-3644.63	-2286.11
-3380.98	-2660.56
-3079.03	-3004.87
-2742.18	-3315.12
-2374.27	-3587.82
-1979.46	-3819.86
-1562.22	-4008.63
-1127.28	-4151.97
-679.56	-4248.27
-224.15	-4296.44
233.80	-4295.92
689.11	-4246.73
1136.60	-4149.43
1571.22	-4005.11
1988.04	-3815.41
2382.33	-3582.48
2749.62	-3308.96
3085.77	-2997.94
3386.95	-2652.96
3649.75	-2277.92
3871.20	-1877.07
4048.79	-1454.95
4180.51	-1016.35
4264.86	-566.23
4300.88	-109.70
4288.18	348.08
4226.89	801.91
4117.70	1246.66
3961.86	1677.28
3761.13	2088.90
3517.79	2476.85
3234.59	2836.74
2914.74	3164.48
2561.86	3456.37
2179.96	3709.10
1773.35	3919.80
1346.66	4086.09
904.70	4206.08
452.50	4278.42
-4.83	4302.28
-462.11	4277.39
-914.15	4204.04
-1355.83	4083.06
-1782.15	3915.81
-2188.28	3704.19
-2569.62	3450.61
-2921.84	3157.93
-3240.95	2829.46
-3523.34	2468.94
-3765.82	2080.45
-3965.62	1668.38
-4120.49	1237.41
-4228.68	792.41
-4288.95	338.45
-4300.62	-119.36
-4263.57	-575.81
-4725.80	-896.57
-4603.73	-1393.81
-4429.50	-1875.26
-4205.08	-2335.46
-3933.01	-2769.20
-3616.38	-3171.57
-3258.77	-3538.00
-2864.25	-3864.34
-2437.27	-4146.90
-1982.67	-4382.47
-1505.61	-4568.39
-1011.49	-4702.55
-505.91	-4783.42
5.40	-4810.10
516.65	-4782.27
1022.05	-4700.26
1515.87	-4565.00
1992.51	-4378.01
2446.58	-4141.41
2872.92	-3857.90
3266.71	-3530.67
3623.49	-3163.44
3939.22	-2760.36
4210.31	-2326.01
4433.70	-1865.30
4606.85	-1383.46
4727.81	-885.95
4795.19	-378.39
4808.25	133.45
4766.82	643.78
4671.39	1146.81
4523.02	1636.85
4323.41	2108.35
4074.82	2555.96
3780.05	2974.60
3442.46	3359.54
3065.86	3706.42
2654.52	4011.31
2213.10	4270.74
1746.62	4481.78
1260.34	4642.05
759.78	4749.71
250.61	4803.57
-261.40	4802.99
-770.44	4748.00
-1270.76	4639.20
-1756.68	4477.85
-2222.69	4265.76
-2663.52	4005.33
-3074.17	3699.53
-3449.99	3351.80
-3786.72	2966.10
-4080.55	2546.79
-4328.14	2098.63
-4526.69	1626.69
-4673.95	1136.32
-4768.26	633.07
-4808.53	122.65
-4794.33	-389.16
-4725.80	-896.57
-5221.77	-1281.93
-5055.93	-1829.71
-4832.80	-2356.75
-4554.91	-2857.10
-4225.42	-3325.07
-3848.04	-3755.37
-3427.07	-4143.11
-2967.27	-4483.92
-2473.85	-4773.92
-1952.40	-5009.82
-1408.83	-5188.97
-849.29	-5309.32
-280.14	-5369.52
292.20	-5368.88
861.22	-5307.40
1420.48	-5185.79
1963.65	-5005.43
2484.57	-4768.35
2977.34	-4477.24
3436.37	-4135.40
3856.47	-3746.71
4232.87	-3315.57
4561.32	-2846.86
4838.08	-2345.89
5060.02	-1818.34
5224.64	-1270.20
5330.05	-707.66
5375.07	-137.10
5359.20	435.02
5282.60	1002.20
5146.14	1558.03
4951.38	2096.20
4700.52	2610.63
4396.39	3095.47
4042.46	3545.24
3642.72	3954.84
3201.71	4319.64
2724.42	4635.49
2216.27	4898.81
1683.00	5106.64
1130.66	5256.60
565.52	5347.00
-6.04	5376.82
-577.53	5345.72
-1142.47	5254.04
-1694.47	5102.84
-2227.27	4893.82
-2734.83	4629.35
-3211.41	4312.43
-3651.60	3946.65
-4050.41	3536.15
-4403.34	3085.59
-4706.37	2600.06
-4956.08	2085.07
-5149.63	1546.46
-5284.83	990.33
-5360.16	422.98
-5374.75	-149.17
-5328.45	-719.63
-5221.77	-1281.93
-5751.47	-1741.29
-5533.80	-2342.77
-5253.43	-2917.71
-4913.53	-3459.58
-4517.97	-3962.26
-4071.21	-4420.04
-3578.32	-4827.75
-3044.89	-5180.75
-2476.96	-5475.05
-1880.97	-5707.32
-1263.66	-5874.92
-632.04	-5975.96
6.75	-6009.28
645.46	-5974.52
1276.85	-5872.07
1893.78	-5703.08
2489.26	-5469.47
3056.52	-5173.89
3589.16	-4819.70
4081.13	-4410.89
4526.85	-3952.10
4921.29	-3448.54
5259.97	-2905.90
5539.05	-2330.34
5755.37	-1728.37
5906.48	-1106.82
5990.66	-472.73
6006.97	166.72
5955.22	804.28
5835.99	1432.72
5650.64	2044.93
5401.27	2633.97
5090.70	3193.17
4722.44	3716.19
4300.68	4197.10
3830.19	4630.46
3316.31	5011.35
2764.85	5335.46
2182.06	5599.12
1574.55	5799.34
949.19	5933.85
313.09	6001.12
-326.57	6000.41
-962.52	5931.70
-1587.57	5795.79
-2194.63	5594.20
-2776.82	5329.24
-3327.56	5003.89
-3840.59	4621.84
-4310.10	4187.43
-4730.78	3705.57
-5097.86	3181.73
-5407.17	2621.83
-5655.22	2032.23
-5839.20	1419.61
-5957.01	790.90
-6007.33	153.22
-5989.59	-486.19
-5903.98	-1120.09
-5751.47	-1741.29
-6314.35	-2285.12
-6035.68	-2943.35
-5688.63	-3568.23
-5277.12	-4152.68
-4805.82	-4690.08
-4280.07	-5174.33
-3705.83	-5599.97
-3089.59	-5962.15
-2438.35	-6256.77
-1759.49	-6480.51
-1060.68	-6630.82
-349.86	-6706.00
364.92	-6705.19
1075.58	-6628.42
1774.04	-6476.54
2452.40	-6251.28
3102.98	-5955.19
3718.40	-5591.63
4291.69	-5164.71
4816.35	-4679.27
5286.44	-4140.81
5696.63	-3555.44
6042.28	-2929.78
6319.47	-2270.93
6525.05	-1586.35
6656.70	-883.79
6712.93	-171.22
6693.10	543.29
6597.44	1251.65
6427.02	1945.82
6183.78	2617.95
5870.48	3260.41
5490.66	3865.93
5048.63	4427.65
4549.40	4939.21
3998.62	5394.80
3402.53	5789.26
2767.90	6118.13
2101.90	6377.68
1412.09	6564.97
706.27	6677.87
-7.54	6715.11
-721.27	6676.27
-1426.83	6561.78
-2116.22	6372.94
-2781.63	6111.90
-3415.53	5781.60
-4010.73	5385.80
-4560.48	4928.97
-5058.56	4416.30
-5499.33	3853.59
-5877.79	3247.22
-6189.65	2604.05
-6431.37	1931.38
-6600.23	1236.82
-6694.31	528.25
-6712.53	-186.30
-6654.70	-898.74
-6521.47	-1601.00
-6314.35	-2285.12
-6909.16	-2925.04
-6559.10	-3642.87
-6134.73	-4319.42
-5640.85	-4947.03
-5083.06	-5518.59
-4467.67	-6027.62
-3801.66	-6468.36
-3092.58	-6835.81
-2348.46	-7125.80
-1577.73	-7335.06
-789.12	-7461.21
8.43	-7502.82
805.88	-7459.42
1594.20	-7331.50
2364.46	-7120.51
3107.93	-6828.84
3816.18	-6459.80
4481.20	-6017.57
5095.44	-5507.16
5651.95	-4934.35
6144.42	-4305.63
6567.27	-3628.12
6915.71	-2909.51
7185.79	-2157.93
7374.46	-1381.91
7479.57	-590.22
7499.93	208.15
7435.32	1004.17
7286.46	1788.81
7055.04	2553.17
6743.69	3288.62
6355.93	3986.79
5896.15	4639.80
5369.56	5240.24
4782.14	5781.30
4140.54	6256.86
3452.01	6661.53
2724.38	6990.71
1965.88	7240.69
1185.10	7408.63
390.90	7492.63
-407.73	7491.73
-1201.74	7405.95
-1982.14	7236.26
-2740.08	6984.58
-3466.97	6653.75
-4154.58	6247.54
-4795.12	5770.54
-5381.32	5228.16
-5906.56	4626.55
-6364.87	3972.51
-6751.06	3273.46
-7060.76	2537.32
-7290.46	1772.43
-7437.56	987.46
-7500.38	191.30
-7478.23	-607.02
-7371.34	-1398.47
-7180.93	-2174.07
-6909.16	-2925.04
