0	0
9.34	0
4.67	8.09
-4.67	8.09
-9.34	0
-4.67	-8.09
4.67	-8.09
9.34	0
16.77	9.68
9.68	16.77
0	19.36
-9.68	16.77
-16.77	9.68
-19.36	0
-16.77	-9.68
-9.68	-16.77
0	-19.36
9.68	-16.77
16.77	-9.68
19.36	0
16.77	9.68
21.28	21.28
12.16	27.53
1.39	30.07
-9.56	28.54
-19.23	23.16
-26.29	14.65
-29.81	4.16
-29.3	-6.89
-24.83	-17.01
-17.01	-24.83
-6.89	-29.3
4.16	-29.81
14.65	-26.29
23.16	-19.23
28.54	-9.56
30.07	1.39
27.53	12.16
21.28	21.28
23.51	34.33
12.89	39.56
1.22	41.59
-10.54	40.25
-21.46	35.65
-30.63	28.16
-37.32	18.39
-40.99	7.13
-41.34	-4.71
-38.34	-16.16
-32.23	-26.31
-23.51	-34.33
-12.89	-39.56
-1.22	-41.59
10.54	-40.25
21.46	-35.65
30.63	-28.16
37.32	-18.39
40.99	-7.13
41.34	4.71
38.34	16.16
32.23	26.31
23.51	34.33
23.84	48.39
12.04	52.59
-0.41	53.95
-12.84	52.4
-24.58	48.02
-34.99	41.06
-43.52	31.88
-49.7	20.99
-53.2	8.96
-53.83	-3.55
-51.56	-15.87
-46.51	-27.33
-38.96	-37.32
-29.3	-45.3
-18.06	-50.83
-5.85	-53.63
6.67	-53.53
18.84	-50.55
29.99	-44.85
39.52	-36.72
46.92	-26.62
51.8	-15.08
53.88	-2.73
53.06	9.77
49.37	21.74
43.03	32.54
34.36	41.59
23.84	48.39
22.49	63.3
9.29	66.53
-4.29	67.04
-17.7	64.8
-30.38	59.91
-41.82	52.57
-51.55	43.08
-59.16	31.82
-64.36	19.26
-66.92	5.91
-66.74	-7.68
-63.82	-20.96
-58.3	-33.38
-50.39	-44.43
-40.41	-53.66
-28.78	-60.7
-15.97	-65.25
-2.51	-67.13
11.05	-66.26
24.16	-62.68
36.29	-56.53
46.92	-48.07
55.64	-37.64
62.08	-25.67
65.97	-12.65
67.17	0.89
65.62	14.39
61.38	27.31
54.62	39.1
45.63	49.3
34.78	57.47
22.49	63.3
19.35	79.02
5.33	81.18
-8.85	80.87
-22.76	78.11
-35.97	72.97
-48.1	65.62
-58.76	56.27
-67.64	45.21
-74.46	32.78
-79.02	19.35
-81.18	5.33
-80.87	-8.85
-78.11	-22.76
-72.97	-35.97
-65.62	-48.1
-56.27	-58.76
-45.21	-67.64
-32.78	-74.46
-19.35	-79.02
-5.33	-81.18
8.85	-80.87
22.76	-78.11
35.97	-72.97
48.1	-65.62
58.76	-56.27
67.64	-45.21
74.46	-32.78
79.02	-19.35
81.18	-5.33
80.87	8.85
78.11	22.76
72.97	35.97
65.62	48.1
56.27	58.76
45.21	67.64
32.78	74.46
19.35	79.02
14.7	95.43
-0.8	96.55
-16.28	95.18
-31.33	91.33
-45.58	85.12
-58.64	76.71
-70.19	66.31
-79.92	54.19
-87.57	40.67
-92.96	26.1
-95.95	10.85
-96.44	-4.69
-94.44	-20.1
-90	-34.99
-83.22	-48.97
-74.29	-61.68
-63.43	-72.8
-50.93	-82.03
-37.11	-89.14
-22.33	-93.94
-6.97	-96.31
8.57	-96.18
23.88	-93.56
38.58	-88.52
52.28	-81.18
64.63	-71.74
75.3	-60.45
84.02	-47.59
90.56	-33.49
94.76	-18.53
96.51	-3.09
95.75	12.43
92.52	27.63
86.89	42.11
79.01	55.51
69.08	67.46
57.37	77.67
44.16	85.87
29.82	91.84
14.7	95.43
8.15	112.56
-8.33	112.55
-24.62	110.14
-40.4	105.38
-55.31	98.37
-69.04	89.27
-81.31	78.27
-91.83	65.59
-100.41	51.52
-106.84	36.36
-110.99	20.41
-112.78	4.03
-112.17	-12.43
-109.16	-28.63
-103.83	-44.22
-96.29	-58.87
-86.69	-72.26
-75.24	-84.11
-62.2	-94.17
-47.82	-102.22
-32.43	-108.09
-16.34	-111.66
0.09	-112.85
16.52	-111.64
32.6	-108.04
47.98	-102.15
62.34	-94.07
75.38	-83.99
86.8	-72.12
96.38	-58.72
103.9	-44.06
109.21	-28.46
112.19	-12.26
112.78	4.21
110.96	20.58
106.78	36.52
100.33	51.68
91.73	65.74
81.18	78.39
68.9	89.38
55.16	98.46
40.23	105.44
24.45	110.17
8.15	112.56
-0.1	130.32
-17.85	129.1
-35.26	125.46
-52.01	119.49
-67.8	111.3
-82.32	101.03
-95.31	88.88
-106.53	75.07
-115.76	59.87
-122.83	43.55
-127.62	26.42
-130.03	8.79
-130.01	-8.99
-127.58	-26.61
-122.76	-43.74
-115.67	-60.05
-106.41	-75.24
-95.18	-89.03
-82.17	-101.16
-67.63	-111.4
-51.83	-119.57
-35.06	-125.52
-17.65	-129.12
0.1	-130.32
17.85	-129.1
35.26	-125.46
52.01	-119.49
67.8	-111.3
82.32	-101.03
95.31	-88.88
106.53	-75.07
115.76	-59.87
122.83	-43.55
127.62	-26.42
130.03	-8.79
130.01	8.99
127.58	26.61
122.76	43.74
115.67	60.05
106.41	75.24
95.18	89.03
82.17	101.16
67.63	111.4
51.83	119.57
35.06	125.52
17.65	129.12
-0.1	130.32
-10.29	148.7
-28.84	146.23
-46.94	141.47
-64.3	134.47
-80.65	125.35
-95.72	114.25
-109.29	101.35
-121.13	86.86
-131.06	70.99
-138.92	54
-144.6	36.17
-147.99	17.76
-149.05	-0.93
-147.76	-19.6
-144.13	-37.97
-138.24	-55.73
-130.16	-72.62
-120.04	-88.36
-108.01	-102.71
-94.29	-115.44
-79.08	-126.34
-62.62	-135.26
-45.17	-142.04
-27.01	-146.58
-8.43	-148.81
10.29	-148.7
28.84	-146.23
46.94	-141.47
64.3	-134.47
80.65	-125.35
95.72	-114.25
109.29	-101.35
121.13	-86.86
131.06	-70.99
138.92	-54
144.6	-36.17
147.99	-17.76
149.05	0.93
147.76	19.6
144.13	37.97
138.24	55.73
130.16	72.62
120.04	88.36
108.01	102.71
94.29	115.44
79.08	126.34
62.62	135.26
45.17	142.04
27.01	146.58
8.43	148.81
-10.29	148.7
-22.24	167.66
-42.29	163.75
-61.72	157.46
-80.25	148.87
-97.61	138.12
-113.55	125.34
-127.83	110.74
-140.24	94.53
-150.61	76.93
-158.79	58.22
-164.65	38.65
-168.11	18.53
-169.12	-1.87
-167.66	-22.24
-163.75	-42.29
-157.46	-61.72
-148.87	-80.25
-138.12	-97.61
-125.34	-113.55
-110.74	-127.83
-94.53	-140.24
-76.93	-150.61
-58.22	-158.79
-38.65	-164.65
-18.53	-168.11
1.87	-169.12
22.24	-167.66
42.29	-163.75
61.72	-157.46
80.25	-148.87
97.61	-138.12
113.55	-125.34
127.83	-110.74
140.24	-94.53
150.61	-76.93
158.79	-58.22
164.65	-38.65
168.11	-18.53
169.12	1.87
167.66	22.24
163.75	42.29
157.46	61.72
148.87	80.25
138.12	97.61
125.34	113.55
110.74	127.83
94.53	140.24
76.93	150.61
58.22	158.79
38.65	164.65
18.53	168.11
-1.87	169.12
-22.24	167.66
-36.44	187.13
-57.53	181.76
-77.88	174.02
-97.21	164
-115.27	151.85
-131.83	137.72
-146.67	121.8
-159.59	104.29
-170.44	85.41
-179.07	65.43
-185.36	44.59
-189.23	23.17
-190.64	1.45
-189.56	-20.29
-186.01	-41.77
-180.04	-62.7
-171.72	-82.81
-161.16	-101.85
-148.5	-119.56
-133.9	-135.71
-117.56	-150.08
-99.69	-162.51
-80.51	-172.81
-60.29	-180.86
-39.28	-186.56
-17.76	-189.82
4	-190.6
25.7	-188.91
47.06	-184.75
67.82	-178.18
87.68	-169.29
106.41	-158.19
123.75	-145.03
139.47	-129.97
153.38	-113.23
165.29	-95.01
175.04	-75.55
182.51	-55.1
187.6	-33.94
190.25	-12.33
190.41	9.44
188.1	31.08
183.33	52.32
176.17	72.88
166.71	92.48
155.08	110.88
141.43	127.84
125.94	143.13
108.8	156.55
90.25	167.93
70.52	177.13
49.87	184.01
28.56	188.49
6.89	190.52
-14.87	190.07
-36.44	187.13
-52.76	207.1
-74.84	200.18
-96.05	190.92
-116.13	179.42
-134.84	165.81
-151.98	150.26
-167.33	132.94
-180.73	114.07
-192	93.86
-201.02	72.56
-207.69	50.4
-211.92	27.65
-213.67	4.57
-212.91	-18.56
-209.66	-41.47
-203.94	-63.89
-195.84	-85.57
-185.44	-106.24
-172.87	-125.67
-158.27	-143.62
-141.81	-159.89
-123.69	-174.29
-104.12	-186.64
-83.33	-196.8
-61.57	-204.66
-39.08	-210.11
-16.13	-213.11
7	-213.6
30.06	-211.59
52.76	-207.1
74.84	-200.18
96.05	-190.92
116.13	-179.42
134.84	-165.81
151.98	-150.26
167.33	-132.94
180.73	-114.07
192	-93.86
201.02	-72.56
207.69	-50.4
211.92	-27.65
213.67	-4.57
212.91	18.56
209.66	41.47
203.94	63.89
195.84	85.57
185.44	106.24
172.87	125.67
158.27	143.62
141.81	159.89
123.69	174.29
104.12	186.64
83.33	196.8
61.57	204.66
39.08	210.11
16.13	213.11
-7	213.6
-30.06	211.59
-52.76	207.1
-71.29	227.54
-94.68	218.84
-117.04	207.75
-138.11	194.38
-157.67	178.88
-175.51	161.41
-191.42	142.18
-205.23	121.4
-216.8	99.28
-225.99	76.07
-232.7	52.03
-236.87	27.43
-238.44	2.52
-237.39	-22.42
-233.75	-47.11
-227.54	-71.29
-218.84	-94.68
-207.75	-117.04
-194.38	-138.11
-178.88	-157.67
-161.41	-175.51
-142.18	-191.42
-121.4	-205.23
-99.28	-216.8
-76.07	-225.99
-52.03	-232.7
-27.43	-236.87
-2.52	-238.44
22.42	-237.39
47.11	-233.75
71.29	-227.54
94.68	-218.84
117.04	-207.75
138.11	-194.38
157.67	-178.88
175.51	-161.41
191.42	-142.18
205.23	-121.4
216.8	-99.28
225.99	-76.07
232.7	-52.03
236.87	-27.43
238.44	-2.52
237.39	22.42
233.75	47.11
227.54	71.29
218.84	94.68
207.75	117.04
194.38	138.11
178.88	157.67
161.41	175.51
142.18	191.42
121.4	205.23
99.28	216.8
76.07	225.99
52.03	232.7
27.43	236.87
2.52	238.44
-22.42	237.39
-47.11	233.75
-71.29	227.54
-92.34	248.35
-116.99	237.73
-140.44	224.68
-162.45	209.32
-182.79	191.81
-201.26	172.33
-217.66	151.09
-231.83	128.29
-243.62	104.18
-252.91	79
-259.6	53.01
-263.63	26.47
-264.96	-0.34
-263.57	-27.14
-259.47	-53.67
-252.71	-79.64
-243.35	-104.8
-231.5	-128.88
-217.28	-151.64
-200.82	-172.84
-182.3	-192.27
-161.92	-209.73
-139.87	-225.03
-116.38	-238.03
-91.71	-248.58
-66.09	-256.59
-39.79	-261.96
-13.08	-264.64
13.76	-264.6
40.46	-261.85
66.74	-256.42
92.34	-248.35
116.99	-237.73
140.44	-224.68
162.45	-209.32
182.79	-191.81
201.26	-172.33
217.66	-151.09
231.83	-128.29
243.62	-104.18
252.91	-79
259.6	-53.01
263.63	-26.47
264.96	0.34
263.57	27.14
259.47	53.67
252.71	79.64
243.35	104.8
231.5	128.88
217.28	151.64
200.82	172.84
182.3	192.27
161.92	209.73
139.87	225.03
116.38	238.03
91.71	248.58
66.09	256.59
39.79	261.96
13.08	264.64
-13.76	264.6
-40.46	261.85
-66.74	256.42
-92.34	248.35
-116.04	269.46
-141.89	256.79
-166.38	241.64
-189.26	224.17
-210.32	204.54
-229.36	182.94
-246.19	159.58
-260.64	134.68
-272.59	108.48
-281.91	81.24
-288.51	53.22
-292.34	24.68
-293.35	-4.09
-291.54	-32.82
-286.92	-61.24
-279.53	-89.07
-269.46	-116.04
-256.79	-141.89
-241.64	-166.38
-224.17	-189.26
-204.54	-210.32
-182.94	-229.36
-159.58	-246.19
-134.68	-260.64
-108.48	-272.59
-81.24	-281.91
-53.22	-288.51
-24.68	-292.34
4.09	-293.35
32.82	-291.54
61.24	-286.92
89.07	-279.53
116.04	-269.46
141.89	-256.79
166.38	-241.64
189.26	-224.17
210.32	-204.54
229.36	-182.94
246.19	-159.58
260.64	-134.68
272.59	-108.48
281.91	-81.24
288.51	-53.22
292.34	-24.68
293.35	4.09
291.54	32.82
286.92	61.24
279.53	89.07
269.46	116.04
256.79	141.89
241.64	166.38
224.17	189.26
204.54	210.32
182.94	229.36
159.58	246.19
134.68	260.64
108.48	272.59
81.24	281.91
53.22	288.51
24.68	292.34
-4.09	293.35
-32.82	291.54
-61.24	286.92
-89.07	279.53
-116.04	269.46
-142.53	290.8
-169.53	275.93
-194.99	258.57
-218.68	238.86
-240.4	216.99
-259.94	193.16
-277.12	167.58
-291.8	140.48
-303.83	112.1
-313.11	82.71
-319.55	52.58
-323.1	21.96
-323.73	-8.85
-321.42	-39.58
-316.2	-69.95
-308.12	-99.69
-297.25	-128.53
-283.69	-156.21
-267.55	-182.46
-249	-207.07
-228.19	-229.8
-205.31	-250.45
-180.57	-268.83
-154.2	-284.78
-126.43	-298.15
-97.52	-308.82
-67.72	-316.69
-37.31	-321.69
-6.57	-323.78
24.24	-322.94
54.83	-319.17
84.92	-312.52
114.24	-303.03
142.53	-290.8
169.53	-275.93
194.99	-258.57
218.68	-238.86
240.4	-216.99
259.94	-193.16
277.12	-167.58
291.8	-140.48
303.83	-112.1
313.11	-82.71
319.55	-52.58
323.1	-21.96
323.73	8.85
321.42	39.58
316.2	69.95
308.12	99.69
297.25	128.53
283.69	156.21
267.55	182.46
249	207.07
228.19	229.8
205.31	250.45
180.57	268.83
154.2	284.78
126.43	298.15
97.52	308.82
67.72	316.69
37.31	321.69
6.57	323.78
-24.24	322.94
-54.83	319.17
-84.92	312.52
-114.24	303.03
-142.53	290.8
-171.96	312.3
-200.04	295.1
-226.42	275.38
-250.86	253.32
-273.16	229.09
-293.13	202.91
-310.61	175
-325.43	145.59
-337.47	114.94
-346.64	83.31
-352.85	50.97
-356.04	18.2
-356.2	-14.73
-353.33	-47.53
-347.43	-79.93
-338.58	-111.65
-326.83	-142.41
-312.3	-171.96
-295.1	-200.04
-275.38	-226.42
-253.32	-250.86
-229.09	-273.16
-202.91	-293.13
-175	-310.61
-145.59	-325.43
-114.94	-337.47
-83.31	-346.64
-50.97	-352.85
-18.2	-356.04
14.73	-356.2
47.53	-353.33
79.93	-347.43
111.65	-338.58
142.41	-326.83
171.96	-312.3
200.04	-295.1
226.42	-275.38
250.86	-253.32
273.16	-229.09
293.13	-202.91
310.61	-175
325.43	-145.59
337.47	-114.94
346.64	-83.31
352.85	-50.97
356.04	-18.2
356.2	14.73
353.33	47.53
347.43	79.93
338.58	111.65
326.83	142.41
312.3	171.96
295.1	200.04
275.38	226.42
253.32	250.86
229.09	273.16
202.91	293.13
175	310.61
145.59	325.43
114.94	337.47
83.31	346.64
50.97	352.85
18.2	356.04
-14.73	356.2
-47.53	353.33
-79.93	347.43
-111.65	338.58
-142.41	326.83
-171.96	312.3
-204.48	333.88
-233.59	314.21
-260.81	292
-285.94	267.45
-308.76	240.74
-329.1	212.09
-346.79	181.74
-361.68	149.92
-373.66	116.9
-382.64	82.93
-388.53	48.3
-391.3	13.28
-390.91	-21.85
-387.38	-56.81
-380.73	-91.3
-371.01	-125.06
-358.31	-157.82
-342.72	-189.3
-324.37	-219.26
-303.41	-247.45
-280.01	-273.65
-254.35	-297.65
-226.64	-319.25
-197.11	-338.28
-166	-354.59
-133.54	-368.04
-100.01	-378.53
-65.68	-385.97
-30.82	-390.31
4.29	-391.5
39.37	-389.54
74.13	-384.44
108.29	-376.25
141.58	-365.03
173.73	-350.86
204.48	-333.88
233.59	-314.21
260.81	-292
285.94	-267.45
308.76	-240.74
329.1	-212.09
346.79	-181.74
361.68	-149.92
373.66	-116.9
382.64	-82.93
388.53	-48.3
391.3	-13.28
390.91	21.85
387.38	56.81
380.73	91.3
371.01	125.06
358.31	157.82
342.72	189.3
324.37	219.26
303.41	247.45
280.01	273.65
254.35	297.65
226.64	319.25
197.11	338.28
166	354.59
133.54	368.04
100.01	378.53
65.68	385.97
30.82	390.31
-4.29	391.5
-39.37	389.54
-74.13	384.44
-108.29	376.25
-141.58	365.03
-173.73	350.86
-204.48	333.88
-240.28	355.46
-270.75	332.84
-299.11	307.61
-325.13	279.97
-348.6	250.14
-369.34	218.35
-387.19	184.85
-402.01	149.91
-413.69	113.79
-422.13	76.78
-427.26	39.18
-429.05	1.26
-427.49	-36.66
-422.57	-74.3
-414.35	-111.36
-402.89	-147.54
-388.27	-182.57
-370.62	-216.17
-350.06	-248.08
-326.77	-278.05
-300.91	-305.84
-272.71	-331.24
-242.36	-354.05
-210.13	-374.08
-176.24	-391.19
-140.98	-405.23
-104.61	-416.11
-67.43	-423.72
-29.72	-428.02
8.23	-428.98
46.11	-426.57
83.63	-420.83
120.5	-411.79
156.42	-399.53
191.12	-384.14
224.32	-365.74
255.77	-344.49
285.21	-320.54
312.42	-294.07
337.19	-265.31
359.32	-234.47
378.64	-201.8
394.99	-167.54
408.25	-131.98
418.32	-95.38
425.11	-58.04
428.58	-20.24
428.69	17.72
425.45	55.54
418.87	92.92
409.02	129.58
395.97	165.22
379.82	199.57
360.69	232.35
338.75	263.32
314.15	292.23
287.09	318.85
257.79	342.98
226.47	364.42
193.37	383.01
158.77	398.6
122.92	411.07
86.1	420.33
48.62	426.29
10.75	428.92
-27.2	428.19
-64.93	424.11
-102.16	416.71
-138.59	406.05
-173.94	392.22
-207.92	375.31
-240.28	355.46
-279.75	376.79
-311.11	351.35
-340.16	323.31
-366.69	292.87
-390.51	260.26
-411.44	225.73
-429.32	189.52
-444.02	151.91
-455.44	113.18
-463.48	73.61
-468.09	33.49
-469.24	-6.87
-466.91	-47.18
-461.13	-87.14
-451.93	-126.46
-439.39	-164.85
-423.59	-202.01
-404.65	-237.67
-382.73	-271.58
-357.96	-303.47
-330.55	-333.12
-300.69	-360.31
-268.6	-384.82
-234.53	-406.49
-198.72	-425.14
-161.43	-440.65
-122.95	-452.9
-83.57	-461.79
-43.56	-467.26
-3.23	-469.28
37.12	-467.82
77.2	-462.9
116.71	-454.55
155.35	-442.83
192.85	-427.84
228.91	-409.68
263.28	-388.48
295.7	-364.41
325.93	-337.64
353.75	-308.37
378.95	-276.82
401.35	-243.22
420.77	-207.82
437.08	-170.88
450.15	-132.67
459.89	-93.48
466.22	-53.6
469.1	-13.33
468.51	27.05
464.45	67.23
456.95	106.9
446.07	145.79
431.89	183.6
414.51	220.04
394.06	254.86
370.69	287.79
344.57	318.59
315.91	347.04
284.91	372.91
251.8	396.02
216.82	416.2
180.24	433.3
142.32	447.19
103.36	457.77
63.62	464.96
23.42	468.71
-16.96	468.98
-57.22	465.79
-97.05	459.15
-136.16	449.1
-174.26	435.74
-211.07	419.14
-246.32	399.45
-279.75	376.79
-322.88	397.9
-355.46	369.09
-385.48	337.61
-412.72	303.7
-436.99	267.61
-458.11	229.59
-475.93	189.91
-490.32	148.86
-501.18	106.74
-508.43	63.85
-512.01	20.51
-511.91	-22.99
-508.11	-66.32
-500.66	-109.17
-489.6	-151.24
-475.01	-192.21
-457	-231.8
-435.69	-269.72
-411.25	-305.7
-383.84	-339.48
-353.67	-370.81
-320.95	-399.46
-285.91	-425.24
-248.82	-447.96
-209.94	-467.45
-169.54	-483.56
-127.92	-496.2
-85.38	-505.26
-42.22	-510.68
1.24	-512.42
44.69	-510.47
87.82	-504.84
130.32	-495.57
171.88	-482.74
212.2	-466.42
250.99	-446.75
287.97	-423.85
322.88	-397.9
355.46	-369.09
385.48	-337.61
412.72	-303.7
436.99	-267.61
458.11	-229.59
475.93	-189.91
490.32	-148.86
501.18	-106.74
508.43	-63.85
512.01	-20.51
511.91	22.99
508.11	66.32
500.66	109.17
489.6	151.24
475.01	192.21
457	231.8
435.69	269.72
411.25	305.7
383.84	339.48
353.67	370.81
320.95	399.46
285.91	425.24
248.82	447.96
209.94	467.45
169.54	483.56
127.92	496.2
85.38	505.26
42.22	510.68
-1.24	512.42
-44.69	510.47
-87.82	504.84
-130.32	495.57
-171.88	482.74
-212.2	466.42
-250.99	446.75
-287.97	423.85
-322.88	397.9
-370.11	418.48
-403.83	386.04
-434.71	350.89
-462.55	313.29
-487.15	273.48
-508.32	231.76
-525.93	188.41
-539.85	143.74
-549.99	98.06
-556.26	51.7
-558.64	4.97
-557.1	-41.79
-551.65	-88.26
-542.32	-134.11
-529.2	-179.02
-512.36	-222.68
-491.93	-264.77
-468.05	-305.01
-440.89	-343.1
-410.63	-378.79
-377.5	-411.82
-341.71	-441.97
-303.53	-469.01
-263.22	-492.77
-221.06	-513.06
-177.36	-529.76
-132.4	-542.74
-86.52	-551.92
-40.04	-557.23
6.73	-558.62
53.45	-556.1
99.8	-549.68
145.44	-539.4
190.07	-525.34
233.36	-507.59
275.02	-486.28
314.74	-461.56
352.26	-433.61
387.31	-402.61
419.64	-368.79
449.03	-332.38
475.27	-293.64
498.17	-252.84
517.58	-210.27
533.36	-166.22
545.4	-121.01
553.61	-74.95
557.94	-28.36
558.36	18.43
554.86	65.08
547.47	111.29
536.23	156.71
521.24	201.03
502.59	243.94
480.42	285.14
454.87	324.34
426.14	361.26
394.41	395.66
359.92	427.27
322.9	455.89
283.62	481.31
242.35	503.36
199.38	521.87
155.02	536.72
109.56	547.81
63.34	555.06
16.67	558.41
-30.12	557.85
-76.69	553.37
-122.73	545.01
-167.9	532.83
-211.9	516.92
-254.41	497.37
-295.14	474.34
-333.79	447.98
-370.11	418.48
-421.67	438.33
-456	402.5
-487.29	364
-515.34	323.07
-539.95	279.99
-560.98	235.04
-578.27	188.54
-591.71	140.77
-601.22	92.08
-606.72	42.77
-608.19	-6.83
-605.61	-56.38
-599	-105.56
-588.4	-154.03
-573.89	-201.48
-555.56	-247.58
-533.53	-292.04
-507.95	-334.56
-478.99	-374.85
-446.84	-412.64
-411.72	-447.69
-373.86	-479.76
-333.51	-508.64
-290.94	-534.13
-246.44	-556.07
-200.29	-574.3
-152.82	-588.72
-104.32	-599.22
-55.13	-605.73
-5.58	-608.2
44.02	-606.63
93.32	-601.03
141.99	-591.42
189.73	-577.88
236.2	-560.49
281.1	-539.38
324.13	-514.67
365	-486.54
403.44	-455.17
439.2	-420.77
472.04	-383.57
501.73	-343.82
528.08	-301.78
550.92	-257.73
570.1	-211.97
585.48	-164.79
596.96	-116.52
604.47	-67.48
607.96	-17.98
607.41	31.63
602.81	81.04
594.2	129.9
581.63	177.9
565.19	224.72
545	270.04
521.17	313.56
493.88	355
463.3	394.07
429.64	430.53
393.12	464.11
353.98	494.61
312.49	521.82
268.91	545.55
223.55	565.66
176.7	582
128.68	594.46
79.79	602.97
30.38	607.47
-19.24	607.92
-68.72	604.33
-117.75	596.72
-166	585.14
-213.14	569.66
-258.87	550.39
-302.87	527.46
-344.85	501.02
-384.54	471.24
-421.67	438.33
-477.57	457.53
-512.84	417.61
-544.78	374.99
-573.19	329.94
-597.88	282.75
-618.69	233.72
-635.49	183.18
-648.17	131.45
-656.65	78.87
-660.86	25.78
-660.79	-27.48
-656.44	-80.57
-647.83	-133.13
-635.01	-184.82
-618.08	-235.32
-597.14	-284.29
-572.33	-331.42
-543.81	-376.4
-511.76	-418.94
-476.39	-458.76
-437.93	-495.61
-396.63	-529.24
-352.75	-559.44
-306.59	-586.01
-258.45	-608.78
-208.62	-627.6
-157.44	-642.35
-105.25	-652.94
-52.37	-659.29
0.85	-661.36
54.07	-659.15
106.93	-652.66
159.1	-641.94
210.24	-627.06
260.02	-608.11
308.11	-585.21
354.2	-558.52
397.99	-528.21
439.21	-494.47
477.57	-457.53
512.84	-417.61
544.78	-374.99
573.19	-329.94
597.88	-282.75
618.69	-233.72
635.49	-183.18
648.17	-131.45
656.65	-78.87
660.86	-25.78
660.79	27.48
656.44	80.57
647.83	133.13
635.01	184.82
618.08	235.32
597.14	284.29
572.33	331.42
543.81	376.4
511.76	418.94
476.39	458.76
437.93	495.61
396.63	529.24
352.75	559.44
306.59	586.01
258.45	608.78
208.62	627.6
157.44	642.35
105.25	652.94
52.37	659.29
-0.85	661.36
-54.07	659.15
-106.93	652.66
-159.1	641.94
-210.24	627.06
-260.02	608.11
-308.11	585.21
-354.2	558.52
-397.99	528.21
-439.21	494.47
-477.57	457.53
-538.29	475.64
-574.38	431.37
-606.84	384.37
-635.46	334.95
-660.06	283.4
-680.49	230.06
-696.62	175.27
-708.34	119.37
-715.58	62.72
-718.31	5.66
-716.48	-51.42
-710.13	-108.19
-699.29	-164.26
-684.03	-219.3
-664.45	-272.96
-640.66	-324.88
-612.82	-374.76
-581.11	-422.26
-545.72	-467.1
-506.89	-508.98
-464.85	-547.64
-419.87	-582.84
-372.23	-614.36
-322.25	-641.99
-270.22	-665.56
-216.49	-684.93
-161.39	-699.96
-105.26	-710.57
-48.48	-716.69
8.62	-718.28
65.66	-715.32
122.28	-707.84
178.14	-695.89
232.86	-679.54
286.11	-658.89
337.56	-634.07
386.87	-605.25
433.73	-572.6
477.85	-536.33
518.96	-496.67
556.78	-453.87
591.08	-408.2
621.64	-359.95
648.27	-309.42
670.8	-256.93
689.1	-202.83
703.03	-147.44
712.53	-91.11
717.51	-34.22
717.96	22.9
713.87	79.87
705.27	136.33
692.21	191.94
674.77	246.33
653.07	299.16
627.24	350.1
597.44	398.83
563.86	445.03
526.72	488.42
486.25	528.73
442.71	565.69
396.36	599.07
347.51	628.67
296.47	654.29
243.55	675.78
189.09	692.99
133.43	705.83
76.93	714.2
19.94	718.05
-37.17	717.37
-94.05	712.14
-150.33	702.42
-205.66	688.26
-259.69	669.74
-312.08	646.99
-362.5	620.15
-410.63	589.39
-456.15	554.9
-498.8	516.91
-538.29	475.64
-604.11	492.45
-640.88	443.53
-673.7	391.88
-702.37	337.82
-726.71	281.67
-746.57	223.78
-761.83	164.52
-772.39	104.24
-778.19	43.32
-779.19	-17.87
-775.38	-78.95
-766.8	-139.55
-753.48	-199.28
-735.53	-257.78
-713.03	-314.69
-686.15	-369.67
-655.03	-422.36
-619.87	-472.45
-580.89	-519.63
-538.33	-563.61
-492.45	-604.11
-443.53	-640.88
-391.88	-673.7
-337.82	-702.37
-281.67	-726.71
-223.78	-746.57
-164.52	-761.83
-104.24	-772.39
-43.32	-778.19
17.87	-779.19
78.95	-775.38
139.55	-766.8
199.28	-753.48
257.78	-735.53
314.69	-713.03
369.67	-686.15
422.36	-655.03
472.45	-619.87
519.63	-580.89
563.61	-538.33
604.11	-492.45
640.88	-443.53
673.7	-391.88
702.37	-337.82
726.71	-281.67
746.57	-223.78
761.83	-164.52
772.39	-104.24
778.19	-43.32
779.19	17.87
775.38	78.95
766.8	139.55
753.48	199.28
735.53	257.78
713.03	314.69
686.15	369.67
655.03	422.36
619.87	472.45
580.89	519.63
538.33	563.61
492.45	604.11
443.53	640.88
391.88	673.7
337.82	702.37
281.67	726.71
223.78	746.57
164.52	761.83
104.24	772.39
43.32	778.19
-17.87	779.19
-78.95	775.38
-139.55	766.8
-199.28	753.48
-257.78	735.53
-314.69	713.03
-369.67	686.15
-422.36	655.03
-472.45	619.87
-519.63	580.89
-563.61	538.33
-604.11	492.45
-675.3	507.69
-712.61	453.83
-745.63	397.25
-774.17	338.27
-798.06	277.26
-817.15	214.58
-831.32	150.62
-840.49	85.74
-844.61	20.35
-843.64	-45.16
-837.61	-110.4
-826.53	-174.98
-810.49	-238.5
-789.57	-300.59
-763.9	-360.87
-733.64	-418.98
-698.97	-474.57
-660.09	-527.31
-617.24	-576.88
-570.68	-622.97
-520.69	-665.32
-467.56	-703.67
-411.63	-737.79
-353.22	-767.47
-292.68	-792.53
-230.39	-812.83
-166.71	-828.24
-102.02	-838.67
-36.73	-844.05
28.79	-844.36
94.14	-839.59
158.92	-829.77
222.74	-814.96
285.22	-795.25
345.99	-770.76
404.68	-741.63
460.93	-708.04
514.41	-670.19
564.8	-628.31
611.79	-582.65
655.1	-533.49
694.47	-481.12
729.67	-425.86
760.48	-368.03
786.71	-308
808.21	-246.11
824.85	-182.74
836.53	-118.27
843.18	-53.09
844.76	12.41
841.26	77.84
832.7	142.8
819.13	206.89
800.63	269.75
777.32	330.98
749.33	390.22
716.84	447.11
680.04	501.32
639.14	552.51
594.41	600.38
546.09	644.63
494.5	685.01
439.93	721.27
382.71	753.2
323.19	780.59
261.73	803.29
198.7	821.15
134.47	834.08
69.43	841.99
3.97	844.84
-61.51	842.61
-126.62	835.31
-190.97	822.98
-254.17	805.71
-315.84	783.59
-375.62	756.76
-433.13	725.38
-488.04	689.63
-540.01	649.74
-588.74	605.94
-633.92	558.49
-675.3	507.69
-752.16	521.08
-790.27	461.23
-823.64	398.6
-852.05	333.58
-875.34	266.55
-893.36	197.91
-906.01	128.09
-913.22	57.5
-914.92	-13.44
-911.13	-84.3
-901.86	-154.66
-887.16	-224.08
-867.13	-292.15
-841.88	-358.47
-811.57	-422.63
-776.38	-484.25
-736.52	-542.96
-692.23	-598.4
-643.78	-650.24
-591.45	-698.18
-535.57	-741.91
-476.47	-781.18
-414.5	-815.76
-350.04	-845.42
-283.47	-870.01
-215.2	-889.36
-145.64	-903.36
-75.19	-911.93
-4.3	-915.01
66.62	-912.6
137.14	-904.69
206.83	-891.34
275.28	-872.63
342.08	-848.68
406.81	-819.62
469.11	-785.63
528.57	-746.91
584.87	-703.7
637.64	-656.27
686.58	-604.88
731.39	-549.86
771.8	-491.53
807.56	-430.24
838.48	-366.37
864.35	-300.29
885.02	-232.41
900.37	-163.13
910.3	-92.86
914.76	-22.04
913.72	48.91
907.18	119.57
895.18	189.51
877.81	258.31
855.15	325.56
827.35	390.84
794.57	453.78
757.02	513.99
714.91	571.11
668.51	624.79
618.08	674.72
563.94	720.59
506.4	762.12
445.82	799.07
382.56	831.21
316.99	858.36
249.52	880.34
180.55	897.03
110.5	908.33
39.78	914.16
-31.18	914.49
-101.96	909.33
-172.11	898.69
-241.24	882.65
-308.91	861.3
-374.73	834.77
-438.29	803.22
-499.22	766.85
-557.14	725.85
-611.71	680.5
-662.61	631.05
-709.51	577.8
-752.16	521.08
-835.25	531.94
-873.52	466.44
-906.66	398.2
-934.48	327.63
-956.82	255.13
-973.54	181.14
-984.55	106.09
-989.78	30.41
-989.21	-45.45
-982.82	-121.04
-970.68	-195.92
-952.83	-269.65
-929.39	-341.79
-900.5	-411.93
-866.33	-479.66
-827.07	-544.57
-782.95	-606.28
-734.25	-664.44
-681.23	-718.69
-624.22	-768.73
-563.54	-814.26
-499.55	-855.01
-432.64	-890.74
-363.18	-921.24
-291.6	-946.34
-218.3	-965.89
-143.72	-979.76
-68.3	-987.89
7.52	-990.22
83.3	-986.74
158.59	-977.47
232.95	-962.46
305.94	-941.8
377.14	-915.62
446.12	-884.06
512.49	-847.32
575.85	-805.6
635.83	-759.16
692.07	-708.26
744.26	-653.2
792.08	-594.31
835.25	-531.94
873.52	-466.44
906.66	-398.2
934.48	-327.63
956.82	-255.13
973.54	-181.14
984.55	-106.09
989.78	-30.41
989.21	45.45
982.82	121.04
970.68	195.92
952.83	269.65
929.39	341.79
900.5	411.93
866.33	479.66
827.07	544.57
782.95	606.28
734.25	664.44
681.23	718.69
624.22	768.73
563.54	814.26
499.55	855.01
432.64	890.74
363.18	921.24
291.6	946.34
218.3	965.89
143.72	979.76
68.3	987.89
-7.52	990.22
-83.3	986.74
-158.59	977.47
-232.95	962.46
-305.94	941.8
-377.14	915.62
-446.12	884.06
-512.49	847.32
-575.85	805.6
-635.83	759.16
-692.07	708.26
-744.26	653.2
-792.08	594.31
-835.25	531.94
-924.64	540.24
-962.85	468.76
-995.54	394.6
-1022.53	318.18
-1043.67	239.93
-1058.82	160.31
-1067.92	79.78
-1070.89	-1.22
-1067.73	-82.2
-1058.46	-162.72
-1043.12	-242.3
-1021.81	-320.5
-994.64	-396.86
-961.78	-470.95
-923.41	-542.33
-879.75	-610.62
-831.05	-675.4
-777.59	-736.32
-719.67	-793.02
-657.64	-845.18
-591.83	-892.49
-522.64	-934.69
-450.45	-971.54
-375.69	-1002.83
-298.77	-1028.37
-220.14	-1048.02
-140.25	-1061.67
-59.55	-1069.23
21.48	-1070.68
102.39	-1065.98
182.72	-1055.19
262	-1038.35
339.78	-1015.56
415.61	-986.95
489.06	-952.69
559.71	-912.98
627.16	-868.03
691.01	-818.12
750.9	-763.51
806.5	-704.54
857.47	-641.52
903.53	-574.84
944.42	-504.86
979.89	-431.99
1009.76	-356.64
1033.84	-279.25
1052	-200.27
1064.13	-120.13
1070.17	-39.31
1070.08	41.74
1063.86	122.55
1051.54	202.66
1033.2	281.6
1008.95	358.94
978.91	434.21
943.27	507
902.22	576.89
856.01	643.47
804.89	706.37
749.17	765.22
689.15	819.68
625.18	869.46
557.64	914.25
486.9	953.8
413.37	987.89
337.47	1016.33
259.64	1038.94
180.32	1055.6
99.97	1066.21
19.05	1070.72
-61.98	1069.1
-142.66	1061.35
-222.52	1047.52
-301.1	1027.69
-377.96	1001.97
-452.66	970.52
-524.76	933.5
-593.86	891.14
-659.55	843.68
-721.47	791.38
-779.26	734.55
-832.58	673.51
-881.13	608.62
-924.64	540.24
-1020.66	545.61
-1058.58	467.81
-1090.58	387.4
-1116.48	304.82
-1136.13	220.53
-1149.44	135.01
-1156.31	48.73
-1156.72	-37.81
-1150.66	-124.15
-1138.17	-209.79
-1119.31	-294.26
-1094.19	-377.08
-1062.95	-457.8
-1025.76	-535.95
-982.84	-611.11
-934.43	-682.85
-880.78	-750.77
-822.22	-814.49
-759.05	-873.66
-691.64	-927.94
-620.36	-977.03
-545.61	-1020.66
-467.81	-1058.58
-387.4	-1090.58
-304.82	-1116.48
-220.53	-1136.13
-135.01	-1149.44
-48.73	-1156.31
37.81	-1156.72
124.15	-1150.66
209.79	-1138.17
294.26	-1119.31
377.08	-1094.19
457.8	-1062.95
535.95	-1025.76
611.11	-982.84
682.85	-934.43
750.77	-880.78
814.49	-822.22
873.66	-759.05
927.94	-691.64
977.03	-620.36
1020.66	-545.61
1058.58	-467.81
1090.58	-387.4
1116.48	-304.82
1136.13	-220.53
1149.44	-135.01
1156.31	-48.73
1156.72	37.81
1150.66	124.15
1138.17	209.79
1119.31	294.26
1094.19	377.08
1062.95	457.8
1025.76	535.95
982.84	611.11
934.43	682.85
880.78	750.77
822.22	814.49
759.05	873.66
691.64	927.94
620.36	977.03
545.61	1020.66
467.81	1058.58
387.4	1090.58
304.82	1116.48
220.53	1136.13
135.01	1149.44
48.73	1156.31
-37.81	1156.72
-124.15	1150.66
-209.79	1138.17
-294.26	1119.31
-377.08	1094.19
-457.8	1062.95
-535.95	1025.76
-611.11	982.84
-682.85	934.43
-750.77	880.78
-814.49	822.22
-873.66	759.05
-927.94	691.64
-977.03	620.36
-1020.66	545.61
-1123.65	547.67
-1161.43	462.17
-1192.72	374.08
-1217.34	283.9
-1235.16	192.14
-1246.06	99.3
-1250	5.9
-1246.94	-87.53
-1236.91	-180.47
-1219.97	-272.4
-1196.2	-362.8
-1165.75	-451.18
-1128.77	-537.04
-1085.48	-619.89
-1036.12	-699.27
-980.97	-774.75
-920.33	-845.89
-854.54	-912.3
-783.97	-973.61
-709.02	-1029.47
-630.11	-1079.58
-547.67	-1123.65
-462.17	-1161.43
-374.08	-1192.72
-283.9	-1217.34
-192.14	-1235.16
-99.3	-1246.06
-5.9	-1250
87.53	-1246.94
180.47	-1236.91
272.4	-1219.97
362.8	-1196.2
451.18	-1165.75
537.04	-1128.77
619.89	-1085.48
699.27	-1036.12
774.75	-980.97
845.89	-920.33
912.3	-854.54
973.61	-783.97
1029.47	-709.02
1079.58	-630.11
1123.65	-547.67
1161.43	-462.17
1192.72	-374.08
1217.34	-283.9
1235.16	-192.14
1246.06	-99.3
1250	-5.9
1246.94	87.53
1236.91	180.47
1219.97	272.4
1196.2	362.8
1165.75	451.18
1128.77	537.04
1085.48	619.89
1036.12	699.27
980.97	774.75
920.33	845.89
854.54	912.3
783.97	973.61
709.02	1029.47
630.11	1079.58
547.67	1123.65
462.17	1161.43
374.08	1192.72
283.9	1217.34
192.14	1235.16
99.3	1246.06
5.9	1250
-87.53	1246.94
-180.47	1236.91
-272.4	1219.97
-362.8	1196.2
-451.18	1165.75
-537.04	1128.77
-619.89	1085.48
-699.27	1036.12
-774.75	980.97
-845.89	920.33
-912.3	854.54
-973.61	783.97
-1029.47	709.02
-1079.58	630.11
-1123.65	547.67
