-1602971.903 -5041157.305 3555227.452
-1602952.044 -5041155.815 3555238.444
-1602952.048 -5041164.052 3555226.840
-1602955.366 -5041171.880 3555214.330
-1602955.451 -5041179.378 3555203.730
-1602962.264 -5041155.965 3555233.655
-1602972.416 -5041149.953 3555237.577
-1602969.436 -5041178.713 3555198.403
-1602984.917 -5041158.654 3555219.723
-1602987.589 -5041165.383 3555209.049
-1602941.212 -5041159.790 3555237.697
-1602962.920 -5041164.820 3555220.890
-1602940.780 -5041169.143 3555224.717
-1602967.248 -5041171.938 3555208.926
-1602975.531 -5041164.629 3555215.512
-1602981.726 -5041152.575 3555229.715
-1602943.917 -5041174.981 3555215.089
-1602960.849 -5041148.676 3555244.556
-1602978.156 -5041170.370 3555206.249
