-1603015.483 -5040975.819 3555467.678
-1603018.110 -5040914.489 3555552.873
-1603149.405 -5041273.421 3554988.537
-1603023.195 -5041337.733 3554954.477
-1603157.942 -5041190.191 3555101.946
-1602996.949 -5041282.506 3555044.027
-1603015.547 -5041197.391 3555155.584
-1603123.230 -5041087.948 3555261.502
-1602992.525 -5041127.025 3555265.004
-1603084.157 -5041029.117 3555361.860
-1602936.798 -5041091.573 3555339.894
-1602934.171 -5041007.392 3555459.627
-1603088.940 -5040890.468 3555554.980
-1602941.211 -5040982.974 3555490.863
-1603049.416 -5040860.346 3555615.099
-1602930.449 -5040940.265 3555555.829
-1603269.711 -5041210.000 3555023.978
-1602972.586 -5041308.256 3555018.668
-1603191.813 -5041170.365 3555114.699
-1602926.919 -5041261.625 3555104.803
-1603212.765 -5041102.468 3555200.946
-1602913.515 -5041205.375 3555190.036
-1603211.920 -5041031.385 3555301.442
-1602853.735 -5041160.957 3555279.370
-1603171.830 -5040969.935 3555405.943
-1602902.962 -5041073.003 3555381.200
-1603185.225 -5040924.386 3555464.091
-1602841.622 -5041017.486 3555486.857
-1603156.188 -5040883.440 3555534.760
-1602771.615 -5040989.110 3555558.166
-1603383.917 -5041166.711 3555033.791
-1602838.603 -5041324.891 3555055.242
-1603292.048 -5041114.562 3555148.399
-1602808.922 -5041251.685 3555171.649
-1603330.180 -5041031.819 3555247.855
-1602756.104 -5041209.517 3555254.693
-1603304.186 -5040979.556 3555333.108
-1602769.577 -5041157.544 3555321.863
-1603308.992 -5040955.281 3555365.144
-1602783.729 -5041085.726 3555416.673
-1603266.829 -5040873.970 3555498.540
-1602739.043 -5041006.526 3555548.223
-1603461.379 -5041052.694 3555159.681
-1602636.558 -5041341.876 3555121.796
-1603442.895 -5041009.017 3555229.478
-1602659.655 -5041286.065 3555190.065
-1603453.882 -5040974.035 3555273.825
-1602677.457 -5041194.710 3555310.764
-1603415.739 -5040885.571 3555415.501
-1602608.716 -5041174.105 3555370.565
-1603409.045 -5040829.288 3555497.763
-1602642.421 -5041115.239 3555438.382
-1603003.956 -5041031.712 3555394.125
-1603025.527 -5041177.964 3555178.478
-1603159.625 -5041009.571 3555355.587
-1602846.156 -5041058.441 3555427.148
-1602754.024 -5041278.733 3555158.134
-1603076.733 -5041289.043 3554999.083
-1602983.195 -5040890.166 3555602.761
-1603405.321 -5041042.681 3555198.899
-1603264.118 -5041229.071 3554999.621
-1603391.222 -5040935.656 3555355.948
-1603096.066 -5040841.292 3555621.042
-1602625.562 -5041195.249 3555333.243
-1602804.631 -5040939.536 3555613.197
-1603263.245 -5040820.800 3555575.024
-1602601.127 -5041298.305 3555199.033
-1602614.183 -5041053.693 3555537.702
-1602839.070 -5040865.067 3555702.645
-1603423.045 -5041204.794 3554962.617
-1603553.799 -5040977.062 3555224.799
-1602671.648 -5040952.802 3555654.057
-1603488.490 -5040836.058 3555452.641
-1602792.521 -5041443.253 3554909.151
-1603195.261 -5041395.546 3554795.963
-1603475.531 -5040750.244 3555579.293
-1603394.411 -5041315.750 3554819.152
-1603641.768 -5041103.434 3555007.392
-1602402.554 -5041139.013 3555512.483
-1602492.269 -5041192.150 3555397.482
-1602545.071 -5041472.047 3554979.598
-1602932.645 -5041457.156 3554827.005
-1602813.027 -5041538.118 3554766.526
-1603000.371 -5041051.294 3555368.150
-1603056.004 -5041170.952 3555174.704
-1603130.756 -5041019.681 3555354.279
-1603213.470 -5041079.744 3555232.636
-1602852.938 -5041216.421 3555201.607
-1603104.394 -5041298.500 3554973.372
-1603096.608 -5041248.825 3555046.831
-1603095.690 -5041176.472 3555149.153
-1603073.674 -5041141.473 3555208.310
-1603031.115 -5041107.554 3555275.145
-1602970.823 -5041042.902 3555393.204
